export const checkMain = {
  E: [
    [-2.09544194e-02, -1.32489480e-01, -3.55402503e-02],
    [-6.97214909e-01, 1.01501832e-01, -4.00656726e+00],
    [4.45699207e-01, 4.02606685e+00, -5.23679608e-04]
  ]
}

export const checkEstimateInitialRT = {
  // E - the Essential Matrix between the two cameras
  E_dumps: [[-0.020954419443074156, -0.1324894800840688, -0.035540250303617356],
    [-0.6972149085400039, 0.10150183217153885, -4.006567263165822],
    [0.44569920738590596, 4.026066856319396, -0.000523679608]],
  // E - the Essential Matrix between the two cameras
  E: [[-2.09544194e-02, -1.32489480e-01, -3.55402503e-02],
    [-6.97214909e-01, 1.01501832e-01, -4.00656726e+00],
    [4.45699207e-01, 4.02606685e+00, -5.23679608e-04]],
  // U of svd(E)
  ue: [[0.00795869, 0.03334286, 0.99941228],
    [-0.87951446, 0.4757895, -0.00886961],
    [-0.47580561, -0.87892696, 0.03311219]],
  // S of svd(E)
  se: [4.07452989e+00, 4.04651908e+00, 1.62511000e-17],
  // V of svd(E)
  ve: [[0.09841077, -0.49231495, 0.864836],
    [-0.17895956, -0.86364174, -0.47127107],
    [0.97892226, -0.10839252, -0.17309612]],
  // ueDotW = ue.dot(w)
  ueDotW: [[0.03334286, -0.00795869, 0.99941228],
    [0.4757895, 0.87951446, -0.00886961],
    [-0.87892696, 0.47580561, 0.03311219]],
  // q1 = ue.dot(w).dot(ve)
  q1: [[0.98305251, -0.11787055, -0.14040758],
    [-0.11925737, -0.99286228, -0.00147453],
    [-0.13923158, 0.01819418, -0.99009269]],
  // q2 = ue.dot(w.T).dot(ve)
  q2: [[0.97364135, -0.09878708, -0.20558119],
    [0.10189204, 0.99478508, 0.00454512],
    [0.2040601, -0.02537241, 0.97862951]],
  // r1 = np.linalg.det(q1) * q1
  r1: [[0.98305251, -0.11787055, -0.14040758],
    [-0.11925737, -0.99286228, -0.00147453],
    [-0.13923158, 0.01819418, -0.99009269]],
  // r2 = np.linalg.det(q2) * q2
  r2: [[0.97364135, -0.09878708, -0.20558119],
    [0.10189204, 0.99478508, 0.00454512],
    [0.2040601, -0.02537241, 0.97862951]],
  // t1 = ue[:, 2:3]
  t1: [[0.99941228],
    [-0.00886961],
    [0.03311219]],
  // t2 = -t1
  t2: [[-0.99941228],
    [0.00886961],
    [-0.03311219]],
  // r1t1 = np.zeros(shape=(3, 4))
  // r1t1[:, :-1] = r1
  // r1t1[:, 3:] = t1
  r1t1: [[0.98305251, -0.11787055, -0.14040758, 0.99941228],
    [-0.11925737, -0.99286228, -0.00147453, -0.00886961],
    [-0.13923158, 0.01819418, -0.99009269, 0.03311219]],
  // r1t2 = np.zeros(shape=(3, 4))
  // r1t2[:, :-1] = r1
  // r1t2[:, 3:] = t2
  r1t2: [[0.98305251, -0.11787055, -0.14040758, -0.99941228],
    [-0.11925737, -0.99286228, -0.00147453, 0.00886961],
    [-0.13923158, 0.01819418, -0.99009269, -0.03311219]],
  // r2t1 = np.zeros(shape=(3, 4))
  // r2t1[:, :-1] = r2
  // r2t1[:, 3:] = t1
  r2t1: [[0.97364135, -0.09878708, -0.20558119, 0.99941228],
    [0.10189204, 0.99478508, 0.00454512, -0.00886961],
    [0.2040601, -0.02537241, 0.97862951, 0.03311219]],
  // r2t2 = np.zeros(shape=(3, 4))
  // r2t2[:, :-1] = r2
  // r2t2[:, 3:] = t2
  r2t2: [[0.97364135, -0.09878708, -0.20558119, -0.99941228],
    [0.10189204, 0.99478508, 0.00454512, 0.00886961],
    [0.2040601, -0.02537241, 0.97862951, -0.03311219]],
  // res = np.array([r1t1, r1t2, r2t1, r2t2])
  res: [
    [[0.98305251, -0.11787055, -0.14040758, 0.99941228],
      [-0.11925737, -0.99286228, -0.00147453, -0.00886961],
      [-0.13923158, 0.01819418, -0.99009269, 0.03311219]],
    [[0.98305251, -0.11787055, -0.14040758, -0.99941228],
      [-0.11925737, -0.99286228, -0.00147453, 0.00886961],
      [-0.13923158, 0.01819418, -0.99009269, -0.03311219]],
    [[0.97364135, -0.09878708, -0.20558119, 0.99941228],
      [0.10189204, 0.99478508, 0.00454512, -0.00886961],
      [0.2040601, -0.02537241, 0.97862951, 0.03311219]],
    [[0.97364135, -0.09878708, -0.20558119, -0.99941228],
      [0.10189204, 0.99478508, 0.00454512, 0.00886961],
      [0.2040601, -0.02537241, 0.97862951, -0.03311219]]
  ]
}
